42
71
73
112
166
178
180
184
187
196
198
224
232
242
260
267
275
290
375
378
385
395
419
445
461
489
495
508
513
550
553
561
568
569
570
571
573
578
581
596
635
648
658
660
662
665
668
678
686
700
724
732
734
802
846
869
870
873
881
886
889
944
946
992
996
1010
1014
1046
1047
1066
1068
1075
1084
1089
1096
1099
1118
1121
1128
1145
1162
1172
1208
1248
1256
1259
1265
1268
1272
1278
1280
1281
1286
1287
1288
1290
1294
1301
1311
1331
1334
1377
1379
1384
1385
1389
1397
1402
1406
1412
1415
1421
1425
1426
1427
1428
1429
1430
1433
1435
1439
1444
1454
1460
1462
1464
1466
1468
1470
1471
1472
1483
1487
1489
1490
1491
1493
1498
1499
1503
1504
1508
1510
1511
1513
1519
1523
1542
1543
1546
1548
1552
1556
1559
1561
1563
1564
1567
1569
1579
1583
1592
1596
1603
1606
1607
1611
1612
1619
1629
1634
1635
1636
1641
1646
1654
1658
1659
1660
1665
1670
1675
1679
1688
1696
1701
1703
1704
1707
1708
1709
1712
1714
1724
1726
1729
1737
1744
1745
1747
1758
1761
1762
1764
1769
1775
1779
1786
1787
1790
1791
1792
1793
1803
1807
1827
1834
1837
1838
1842
1845
1847
1848
1849
1851
1855
1856
1860
1868
1869
1870
1875
1881
1882
1884
1887
1899
1907
1908
1910
1912
1915
1916
1922
1930
1935
1936
1942
1946
1950
1953
1959
1962
1963
1965
1967
1970
1973
1974
1981
1983
1984
1991
1993
1994
2006
2017
2028
2031
2032
2033
2037
2038
2039
2040
2043
2046
2047
2049
2050
2052
2053
2054
2055
2057
2062
2080
2084
2087
2089
2090
2093
2095
2101
2105
2106
2110
2112
2118
2133
2136
2141
2154
2156
2168
2169
2171
2174
2184
2185
2188
2208
2209
2216
2222
2224
2227
2232
2234
2240
2241
2244
2249
2251
2255
2258
2264
2268
2271
2279
2284
2288
2289
2291
2293
2295
2300
2304
2309
2310
2312
2314
2315
2316
2321
2324
2327
2329
2334
2335
2337
2339
2344
2345
2346
2348
2352
2354
2358
2359
2366
2369
2370
2380
2386
2387
2389
2395
2397
2399
2406
2411
2412
2413
2414
2415
2417
2418
2430
2432
2439
2441
2442
2448
2453
2456
2463
2466
2473
2474
2475
2476
2480
2489
2492
2493
2498
2503
2508
2513
2515
2522
2523
2525
2529
2531
2535
2536
2537
2543
2545
2547
2548
2550
2556
2561
2562
2564
2565
2566
2573
2574
2577
2587
2599
2607
2618
2639
2653
2664
2667
2670
2682
2683
2692
2695
2713
2720
2756
2760
2761
2791
2797
2801
2812
2825
2834
2836
2841
2859
2863
2871
2890
2898
2926
2927
2928
2929
2940
2942
2944
2958
2961
2974
3003
3011
3013
3027
3034
3042
3050
3052
3057
3059
3062
3083
3091
3092
3101
3113
3116
3119
3125
3129
3140
3141
3160
3183
3189
3200
3210
3218
3233
3238
3243
3251
3253
3257
3259
3279
3288
3290
3294
3299
3303
3306
3313
3318
3326
3330
3332
3338
3343
3347
3353
3363
3390
3397
3401
3432
3434
3439
3451
3460
3462
3469
3475
3480
3488
3489
3490
3496
3497
3498
3499
3511
3512
3516
3529
3530
3532
3540
3545
3556
3557
3559
3562
3563
3567
3571
3572
3573
3574
3582
3585
3589
3590
3598
3606
3609
3610
3612
3614
3622
3623
3627
3629
3632
3633
3634
3638
3642
3648
3650
3651
3654
3658
3659
3666
3669
3671
3676
3680
3683
3688
3689
3692
3693
3694
3701
3703
3704
3710
3711
3716
3720
3722
3729
3730
3735
3736
3742
3743
3754
3759
3761
3763
3766
3778
3783
3786
3805
3807
3813
3817
3829
3857
3869
3879
3882
3885
3902
3903
3926
3947
3973
3987
4002
4007
4009
4040
4075
4077
4080
4082
4084
4088
4092
4093
4105
4108
4116
4118
4119
4121
4123
4124
4126
4132
4158
4165
4167
4175
4176
4177
4178
4181
4192
4196
4209
4213
4226
4241
4245
4253
4254
4257
4273
4275
4295
4298
4302
4308
4309
4327
4374
4375
4376
4382
4385
4389
4390
4396
4404
4410
4419
4428
4429
4430
4435
4442
4449
4450
4457
4458
4463
4465
4468
4471
4476
4487
4496
4498
4499
4510
4513
4514
4634
4681
4697
4718
4735
4760
4789
4795
4796
4798
4803
4822
4823
4824
4827
4842
4845
4870
4884
4885
4890
4903
4907
4915
4925
4929
4933
4936
4938
4940
4960
4968
4977
4978
4992
4993
4999
5000
5004
5006
5008
5009
5010
5011
5015
5017
5020
5021
5022
5025
5026
5029
5030
5034
5037
5041
5042
5044
5046
5047
5048
5050
5055
5062
5073
5074
5076
5077
5079
5082
5083
5085
5099
5100
5101
5102
5103
5107
5109
5110
5113
5118
5119
5126
5129
5132
5134
5139
5141
5143
5148
5152
5162
5163
5164
5166
5168
5171
5178
5180
5189
5192
5197
5198
5207
5209
5210
5218
5220
5223
5224
5226
5228
5229
5230
5234
5236
5237
5238
5249
5254
5255
5258
5260
5261
5264
5265
5268
5269
5271
5272
5275
5276
5277
5278
5279
5280
5282
5283
5284
5285
5288
5289
5290
5291
5292
5293
5295
5296
5297
5299
5309
5313
5316
5317
5318
5319
5320
5321
5325
5327
5328
5329
5330
5331
5332
5333
5334
5335
5336
5338
5339
5340
5341
5343
5344
5345
5347
5349
5357
5358
5359
5360
5361
5362
5364
5367
5369
5370
5371
5372
5373
5375
5376
5377
5379
5382
5384
5385
5389
5390
5391
5393
5394
5395
5396
5397
5398
5406
5407
5409
5415
5417
5419
5422
5424
5425
5427
5428
5429
5434
5435
5438
5439
5441
5444
5445
5446
5447
5449
5451
5453
5454
5455
5456
5457
5460
5461
5462
5463
5466
5467
5468
5469
5471
5473
5482
5484
5485
5486
5487
5489
5490
5491
5497
5499
5500
5501
5503
5507
5508
5509
5512
5516
5518
5519
5522
5524
5525
5526
5528
5529
5530
5535
5537
5538
5546
5552
5564
5587
5599
5662
5672
5697
5702
5708
5715
5748
5753
5774
5795
5810
5816
5847
5850
5853
5857
5877
5938
5967
5983
6023
6057
6066
6081
6097
6110
6116
6140
6141
6194
6198
6199
6219
6220
6223
6225
6226
6228
6229
6236
6242
6244
6249
6250
6258
6259
6260
6267
6271
6273
6283
6284
6285
6289
6293
6298
6303
6329
6345
6402
6485
6516
6519
6521
6531
6532
6533
6535
6539
6540
6541
6542
6543
6546
6548
6549
6553
6555
6561
6563
6573
6575
6576
6579
6583
6584
6586
6588
6604
6605
6609
6611
6614
6618
6619
6625
6626
6628
6629
6632
6634
6639
6644
6645
6660
6664
6665
6666
6670
6679
6680
6681
6685
6687
6689
6690
6698
6701
6704
6706
6708
6715
6721
6722
6723
6724
6726
6729
6730
6731
6732
6737
6738
6739
6740
6753
6754
6757
6758
6761
6763
6766
6768
6769
6832
6853
6882
6883
6884
6885
6886
6887
6888
6893
6906
6908
6911
6913
6922
6923
6926
6927
6929
6944
6945
6947
6957
6958
6959
6961
6962
6964
6972
6973
6974
6975
6976
6981
6983
6984
6985
6986
6987
6988
6989
6996
6998
7003
7005
7029
7051
7052
7057
7061
7063
7065
7071
7077
7080
7093
7096
7107
7116
7117
7126
7143
7146
7154
7170
7174
7218
7241
7249
7273
7299
7313
7327
7340
7348
7356
7361
7368
7397
7400
7406
7411
7419
7426
7436
7446
7466
7476
7479
7517
7537
7548
7559
7560
7562
7569
7573
7578
7580
7587
7605
7643
7660
7686
7690
7694
7702
7721
7729
7730
7747
7780
7787
7792
7801
7802
7814
7816
7817
7820
7824
7825
7831
7833
7840
7842
7844
7845
7856
7863
7866
7871
7872
7873
7882
7889
7891
7897
7904
7905
7907
7908
7909
7920
7922
7936
7940
7942
7948
7950
7953
7954
7955
7967
7980
7981
7983
7996
8005
8006
8009
8010
8016
8026
8028
8038
8050
8068
8069
8084
8136
8161
8177
8179
8210
8220
8222
8227
8229
8259
8273
8274
8284
8331
8363
8372
8373
8380
8384
8414
8420
8421
8423
8425
8428
8429
8431
8434
8441
8446
8451
8454
8460
8463
8471
8473
8474
8478
8488
8494
8495
8501
8503
8510
8512
8514
8515
8526
8544
8554
8556
8562
8566
8601
8632
8639
8702
8727
8757
8762
8777
8824
8865
8913
8914
8916
8922
8924
8934
8943
8957
8961
8969
9003
9004
9038
9045
9052
9058
9072
9095
9102
9104
9106
9107
9112
9128
9132
9144
9152
9156
9159
9174
9181
9183
9186
9188
9197
9202
9204
9209
9213
9217
9222
9223
9235
9237
9241
9244
9250
9263
9266
9269
9272
9282
9289
9292
9296
9297
9302
9306
9307
9310
9311
9314
9316
9322
9325
9330
9332
9333
9334
9342
9352
9361
9368
9369
9372
9375
9376
9381
9389
9392
9393
9394
9403
9404
9412
9414
9415
9417
9420
9421
9423
9435
9436
9440
9441
9444
9447
9448
9451
9454
9467
9479
9480
9483
9486
9489
9495
9501
9504
9506
9510
9513
9516
9518
9524
9529
9531
9542
9548
9553
9555
9560
9567
9571
9572
9575
9577
9581
9582
9584
9589
9592
9596
9598
9599
9603
9607
9608
9613
9614
9615
9617
9620
9621
9625
9626
9628
9631
9636
9637
9644
9645
9657
9660
9661
9662
9665
9667
9675
9679
9680
9687
9688
9691
9695
9704
9706
9709
9710
9715
9717
9718
9722
9724
9726
9729
9731
9733
9734
9735
9739
9809
9816
9820
